1938 1,861 n/a 176 n/a n/a n/a 1,478,000 125.90 11.90
1939 2,222 n/a 203 n/a n/a n/a 1,922,000 115.60 10.60
1940 3,471 n/a 232 n/a n/a n/a 3,202,000 108.40 7.30
1941 4,252 n/a 217 n/a n/a n/a 4,462,000 95.30 4.90
1942 3,324 n/a 143 n/a n/a n/a 3,790,000 87.70 3.80
1943 3,871 n/a 167 n/a n/a n/a - - -
1944 3,343 n/a 169 n/a n/a n/a - - -
1945 4,652 n/a 322 n/a n/a n/a - - -
1946 7,618 n/a 690 n/a n/a n/a 9,792,000 77.80 7.00
1947 9,253 n/a 882 n/a n/a n/a 16,348,000 56.60 5.30
1948 7,850 n/a 850 n/a n/a n/a 15,154,000 51.80 5.60
1949 5,459 n/a 562 n/a n/a n/a 11,051,000 49.40 5.00
1950 4,505 n/a 499 n/a n/a n/a 9,667,000 46.60 5.10
1951 3,824 n/a 441 n/a n/a n/a 8,460,000 45.20 5.20
1952 3,657 n/a 401 n/a n/a n/a 8,200,000 44.60 4.80
1953 3,232 n/a 387 n/a n/a n/a 8,528,000 37.90 4.50
1954 3,381 n/a 393 n/a n/a n/a 8,968,000 37.70 4.30
1955 3,343 n/a 384 n/a n/a n/a 9,524,000 35.10 4.00
1956 3,474 n/a 356 n/a n/a n/a 10,218,000 34.00 3.40
1957 4,200 n/a 438 n/a n/a n/a 10,938,000 38.40 4.00
1958 4,584 n/a 384 n/a n/a n/a 12,593,000 36.40 3.10
1959 4,576 n/a 450 n/a n/a n/a 12,890,000 35.50 3.50
1960 4,793 n/a 429 n/a n/a n/a 13,132,000 36.50 3.27
1961 4,625 n/a 426 n/a n/a n/a 13,603,000 34.00 3.13
1962 4,840 n/a 430 n/a n/a n/a 14,491,000 33.40 2.97
1963 4,690 n/a 482 n/a n/a n/a 15,129,000 31.00 3.19
1964 5,069 n/a 526 n/a n/a n/a 15,742,000 32.20 3.34
1965 5,196 n/a 538 n/a n/a n/a 16,707,000 31.10 3.22
1966 5,712 n/a 573 n/a n/a n/a 21,000,000 27.20 2.73
1967 6,115 n/a 603 n/a n/a n/a 22,156,000 27.60 2.72
1968 4,968 n/a 692 n/a n/a n/a 24,117,000 20.60 2.86
1969 4,767 n/a 647 n/a n/a n/a 25,356,000 18.80 2.55
1970 4,712 n/a 641 n/a n/a n/a 26,033,000 18.10 2.46
1971 4,648 n/a 661 n/a n/a n/a 25,538,000 18.20 2.59
1972 4,256 n/a 695 n/a n/a n/a 26,937,000 15.80 2.67
1973 4,255 n/a 723 n/a n/a n/a 29,965,000 14.20 2.52
1974 4,234 n/a 689 n/a n/a n/a 27,855,000 15.20 2.47
1975 4,001 n/a 636 n/a n/a n/a 28,784,000 13.90 2.20
1976 4,023 n/a 662 n/a n/a n/a 30,477,000 13.20 2.16
1977 4,083 n/a 663 n/a n/a n/a 31,651,000 12.90 2.09
1978 4,218 n/a 721 n/a n/a n/a 34,860,000 12.10 2.06
1979 3,625 n/a 636 n/a n/a n/a 36,690,000 9.88 1.63
1980 3,597 n/a 622 n/a n/a n/a 36,481,000 9.86 1.69
1981 3,502 n/a 654 n/a n/a n/a 36,824,000 9.51 1.78
1982 3,233 n/a 591 n/a 1,187 1,170 29,640,000 10.91 1.99
1983 3,075 15 555 5 1,068 1,061 28,673,000 10.67 1.92
1984 3,017 26 545 11 1,042 1,021 29,099,000 10.28 1.84
1985 2,739 11 498 6 956 945 28,322,000 9.63 1.73
1986 2,581 11 474 5 967 879 27,073,000 9.49 1.73
1987 2,495 18 446 7 837 822 26,972,000 9.18 1.62
1988 2,388 13 460 4 797 792 27,446,000 8.65 1.66
1989 2,242 17 432 8 769 766 27,920,000 7.97 1.52
1990 2,242 4 444 1 770 765 28,510,000 7.85 1.55
1991 2,197 8 439 5 800 786 27,678,000 7.91 1.57
1992 2,110 2 450 1 866 864 24,780,000 8.51 1.81
1993 2,064 5 401 4 744 740 22,796,000 9.03 1.74
1994 2,021 3 404 2 730 723 22,235,000 9.08 1.81
1995 2,056 10 412 6 734 727 24,906,000 8.21 1.63
1996 1,908 4 361 0 636 619 24,881,000 7.65 1.45
1997 1,840 5 350 2 631 625 25,591,000 7.17 1.36
1998 1,902 6 364 4 624 618 25,518,000 7.43 1.41
1999 1,905 3 340 1 621 615 29,246,000 6.50 1.16
2000 1,837 7 345 7 596 585 27,838,000 6.57 1.21
2001 1,727 3 325 1 562 558 25,431,000 6.78 1.27
2002 1,716 7 345 6 581 575 25,545,000 6.69 1.33
2003 1,741 4 352 3 633 630 25,998,000 6.68 1.34
2004 1,619 3 314 0 559 559 24,888,000 6.49 1.26
2005 1,671 2 321 1 563 558 23,167,712 7.20 1.38
2006 1,523 2 308 1 706 547 23,962,936 6.35 1.28
2007 1,654 2 288 2 496 491 23,818,668 6.94 1.20
2008 1,568 2 277 0 496 487 22,804,648 6.87 1.21
2009 1,480 4 275 1 479 470 20,861,866 7.08 1.32
2010 1,441 3 271 2 458 455 21,688,409 6.63 1.24
2011 1,471 3 270 1 458 447 21,488,000 6.84 1.24
2012 1,472 1 273 1 438 438 20,880,993 7.05 1.30
2013 1,223 3 221 3 390 386 19,492,356 6.26 1.12
2014 1,224 0 256 0 423 413 19,617,389 6.24 1.31
2015 1,211 7 230 4 378 375 20,576,000 5.85 1.10
2016 1,267 3 213 3 386 379 21,333,747 5.93 0.98
2017 1,233 3 203 1 330 330 21,702,719 5.67 0.93